Inversamente ordenado
	Rangos	
	239	
	381	
	428	
	641	
	945	
	1278	
	1633	
	2044	
	2513	
	3099	
	3650	
	4382	
	4995	
	5795	
	6638	
	7519	
	8394	
	9397	
	10230	
	11293	
	12368	
	13726	
	14668	
	16280	
	17333	
	19009	
	20230	
	23351	
	23942	
	25763	
	28021	
	29785	
	30666	
	31928	
	34447	
	34715	
	36320	
	40307	
	41590	
	43384	
	50348	
	48398	
	50053	
	52075	
	54582	
	58470	
	62046	
	62187	
	64794	
	68814	
	74544	
	74363	
	76224	
	80049	
	115721	
	94932	
	95498	
	106604	
	126114	
	104961	
	123821	
	119669	
	124595	
	132775	
	132704	
	138801	
	145821	
	145361	
	158706	
	172515	
	176864	
	192449	
	201139	
	265715	
	209266	
	217031	
	236555	
	221196	
	270215	
	227112	
	214752	
	225356	
	240036	
	241757	
	259035	
	262942	
	265341	
	285853	
	295852	
	315405	
	323664	
	318987	
	418399	
	379154	
	405298	
	408853	
	367086	
	395513	
	397163	
	372621	
