Ordenado
	Rangos	
	182	
	371	
	416	
	662	
	955	
	1291	
	1646	
	2086	
	2549	
	3085	
	3673	
	4336	
	5033	
	5734	
	6560	
	7307	
	8217	
	9171	
	10016	
	11352	
	12397	
	13521	
	14684	
	15998	
	17028	
	18384	
	19954	
	21659	
	22757	
	24280	
	25942	
	27279	
	29001	
	30730	
	34571	
	34311	
	36224	
	38229	
	40148	
	42339	
	45555	
	46513	
	49936	
	52290	
	54315	
	57299	
	62304	
	63558	
	66689	
	68242	
	83534	
	74213	
	79047	
	86666	
	122271	
	114144	
	111470	
	115740	
	119443	
	119139	
	125714	
	153618	
	138002	
	122528	
	121727	
	128784	
	133755	
	143477	
	146650	
	149631	
	157292	
	158172	
	165109	
	186411	
	175806	
	199758	
	184347	
	195428	
	203729	
	205173	
	211897	
	228118	
	229305	
	239082	
	234627	
	398572	
	287813	
	322918	
	288091	
	357432	
	298345	
	315317	
	329982	
	347155	
	334523	
	335653	
	315614	
	409073	
	344906	
	332350	
